"gene"	"alleles"	"counts"	"total"	"note"	"kh"	"kd"	"kt"	"kq"	"k_diff"	"GENOTYPED_ALLELES"	"Freq_by_Clone"	"Freq_by_Seq"
"IGHV1-2"	"02,06,04,07"	"890,3,2,1"	"896"	""	"2.07136046131698"	"-187.992757475493"	"-1000"	"-1000"	"190.06411793681"	"02"	"1235"	"1235"
"IGHV1-3"	"02,01,04,05"	"2,1,1,1"	"4"	""	"-1.77203342115513"	"-0.597232641979144"	"0.416167393457162"	"1.29419057113368"	"0.878023177676513"	"02,01,04,05"	"2;0;0;0"	"2;0;0;0"
"IGHV1-8"	"01,02,03"	"603,5,0"	"608"	""	"2.43868239690148"	"-121.549296198941"	"-225.876927888195"	"-1000"	"123.987978595842"	"01"	"787"	"787"
"IGHV1-18"	"01,04,03"	"627,5,1"	"633"	""	"3.05463742454365"	"-126.189138101824"	"-233.242899922092"	"-1000"	"129.243775526367"	"01"	"904"	"904"
"IGHV1-24"	"01"	"218"	"218"	""	"4.25605058682935"	"-43.4841048654395"	"-81.0991281328844"	"-124.221819040148"	"47.7401554522689"	"01"	"266"	"266"
"IGHV1-45"	"02,03"	"7,2"	"9"	""	"0.553825994762611"	"2.24645293679895"	"0.925668376856836"	"-0.741663489978525"	"1.32078455994212"	"02,03"	"10;2"	"10;2"
"IGHV1-46"	"01,03,04"	"412,5,2"	"419"	""	"4.46968760757446"	"-77.6909070828396"	"-146.232310222565"	"-228.436885591102"	"82.1605946904141"	"01"	"594"	"594"
"IGHV1-58"	"02,01,03"	"46,0,0"	"46"	""	"4.45878476159748"	"-5.6148260219088"	"-13.5519410232962"	"-22.6512244257465"	"10.0736107835063"	"02"	"55"	"55"
"IGHV1-69"	"20,04,02,14"	"460,455,288,3"	"1209"	""	"-1000"	"-299.920474732832"	"2.52168251052488"	"-148.530995992458"	"151.052678502983"	"20,04,02"	"583;537;387"	"583;537;387"
"IGHV1-69-2"	"01"	"194"	"194"	""	"4.4106355987498"	"-38.0737229229941"	"-71.5476427114542"	"-109.922881408744"	"42.4843585217439"	"01"	"216"	"216"
"IGHV2-5"	"02,01"	"313,168"	"481"	""	"-201.052861938742"	"1.35047435457675"	"-62.1452846505274"	"-147.803271558745"	"63.4957590051042"	"02,01"	"485;256"	"485;256"
"IGHV2-26"	"01,02"	"150,0"	"150"	""	"4.63871713863488"	"-28.2100136771465"	"-54.0919104208012"	"-83.7634867331388"	"32.8487308157813"	"01"	"191"	"191"
"IGHV2-70"	"15,05,20,01"	"121,2,1,0"	"124"	""	"4.68049306534493"	"-18.5919154126126"	"-38.1679681497614"	"-62.3856980139734"	"23.2724084779575"	"15"	"169"	"169"
"IGHV2-70D"	"04,14"	"5,0"	"5"	""	"2.46277944980916"	"1.36782175594978"	"0.50509186449462"	"-0.483960679249968"	"1.09495769385938"	"04"	"10"	"10"
"IGHV3-7"	"01,04,03,05"	"621,22,8,5"	"656"	""	"0.419541919240021"	"-100.092958810261"	"-197.166814376178"	"-316.041514937105"	"100.512500729501"	"01"	"1382"	"1382"
"IGHV3-9"	"01,01_A152G,04,02"	"1104,232,2,1"	"1339"	""	"-203.270438840689"	"-70.871242885861"	"-271.635730804186"	"-1000"	"132.399195954828"	"01,01_A152G"	"1611;361"	"1611;361"
"IGHV3-11"	"01,01_A152G,06,04"	"493,125,19,4"	"641"	""	"-116.699512066351"	"-23.0643585909185"	"-88.3052017710075"	"-197.832033291899"	"65.240843180089"	"01,01_A152G"	"750;194"	"750;194"
"IGHV3-13"	"01,04,06,05"	"167,1,1,0"	"169"	""	"4.99520454522496"	"-29.9635985729585"	"-57.4202849555424"	"-90.5959690694081"	"34.9588031181835"	"01"	"291"	"291"
"IGHV3-15"	"01,01_A152G,07"	"560,88,1"	"649"	""	"-64.9209055367184"	"-45.631187857632"	"-145.812321676454"	"-269.023172021937"	"19.2897176790864"	"01,01_A152G"	"873;169"	"873;169"
"IGHV3-16"	"02,03,04"	"0,0,0"	"1"	""	"0.778151250383644"	"0.778151250383644"	"0.778151250383644"	"0.778151250383644"	"0"	"02"	"1"	"1"
"IGHV3-20"	"01,04,02"	"96,7,0"	"103"	""	"1.02090767735325"	"-8.71279304770866"	"-25.6725764553148"	"-45.6516893647862"	"9.73370072506191"	"01"	"134"	"134"
"IGHV3-21"	"01,01_G278C,06,07"	"568,447,7,3"	"1025"	""	"-1000"	"2.97222097051818"	"-110.376247373736"	"-281.661827599231"	"113.348468344255"	"01,01_G278C"	"862;727"	"862;727"
"IGHV3-23"	"01,01_A152G,04,03"	"2714,393,7,0"	"3113"	""	"-299.461076410544"	"-259.980056946558"	"-1000"	"-1000"	"39.4810194639857"	"01,01_A152G"	"5070;882"	"5070;882"
"IGHV3-30"	"18,18_A152G,03,01"	"624,91,30,2"	"753"	""	"-71.4634470135385"	"-61.350836245693"	"-131.710129651845"	"-265.174893319706"	"10.1126107678455"	"18,18_A152G"	"1123;193"	"1123;193"
"IGHV3-30-3"	"01"	"7"	"7"	""	"2.76834873781831"	"1.23540796641518"	"0.0275861183779563"	"-1.35708744286447"	"1.53294077140313"	"01"	"6"	"6"
"IGHV3-33"	"01,06,08"	"471,9,2"	"483"	""	"3.48263589651673"	"-85.147324154559"	"-164.094865437265"	"-258.535577433174"	"88.6299600510758"	"01"	"806"	"806"
"IGHV3-43"	"02,01"	"305,45"	"350"	""	"-29.8828554441999"	"-24.1000012172339"	"-79.2681856138586"	"-145.96020265812"	"5.78285422696605"	"02,01"	"431;63"	"431;63"
"IGHV3-43D"	"03,04,05"	"1,1,1"	"3"	""	"-1.18944614768243"	"0.20434617026543"	"1.39029218399277"	"1.05115252244738"	"0.339139661545387"	"03,04,05"	"0;0;0"	"0;0;0"
"IGHV3-47"	"01,02"	"1,1"	"2"	""	"0.0494359412327069"	"1.44322825918057"	"1.21420092493709"	"0.8750612633917"	"0.22902733424348"	"01,02"	"0;0"	"0;0"
"IGHV3-48"	"01,04,02,03"	"629,17,10,8"	"665"	""	"2.54187398458724"	"-107.786478338687"	"-203.128348255229"	"-318.633969665409"	"110.328352323274"	"01"	"1130"	"1130"
"IGHV3-49"	"03,05,04"	"122,99,0"	"221"	""	"-129.453735414824"	"3.49489867026071"	"-23.1473649205375"	"-61.2718331147559"	"26.6422635907982"	"03,05"	"152;117"	"152;117"
"IGHV3-53"	"01,02,05,04"	"301,88,3,0"	"392"	""	"-83.5801470342757"	"-7.57162081327351"	"-60.233399558777"	"-132.21132813829"	"52.6617787455035"	"01,02"	"399;107"	"399;107"
"IGHV3-64"	"01,07,02"	"103,3,0"	"106"	""	"4.02517881830415"	"-13.6925981050398"	"-31.6342779368734"	"-52.4327477964013"	"17.717776923344"	"01"	"158"	"158"
"IGHV3-64D"	"06,08,09"	"0,0,0"	"1"	""	"0.778151250383644"	"0.778151250383644"	"0.778151250383644"	"0.778151250383644"	"0"	"06"	"1"	"1"
"IGHV3-66"	"01,02,03"	"322,251,1"	"574"	""	"-1000"	"2.0489289539181"	"-66.2727230518877"	"-165.441324220953"	"68.3216520058058"	"01,02"	"551;405"	"551;405"
"IGHV3-69-1"	"01,02"	"11,7"	"18"	""	"-5.85430733863789"	"3.02627273190962"	"0.73289747904114"	"-2.43232218677224"	"2.29337525286848"	"01,02"	"0;8"	"0;8"
"IGHV3-72"	"01"	"94"	"94"	""	"4.75184181407773"	"-15.8333628304786"	"-32.0526847898355"	"-50.6468726122338"	"20.5852046445563"	"01"	"417"	"417"
"IGHV3-73"	"01,02"	"100,0"	"100"	""	"4.75456221863594"	"-17.1445916585516"	"-34.3991894876548"	"-54.1802403625465"	"21.8991538771876"	"01"	"161"	"161"
"IGHV3-74"	"01"	"345"	"345"	""	"3.23535671446264"	"-72.3167241618344"	"-131.84508667224"	"-200.089712190617"	"75.5520808762971"	"01"	"657"	"657"
"IGHV3-NL1"	"01"	"16"	"16"	""	"3.5610835791762"	"0.0572189588261938"	"-2.70351669383031"	"-5.86848483381299"	"3.50386462035001"	"01"	"0"	"0"
"IGHV4-4"	"09,08,02,03"	"18,7,5,5"	"40"	""	"-13.46699572637"	"-6.11935642722562"	"-2.54568678827724"	"-0.0207132754789492"	"2.52497351279829"	"09,08,02,03"	"9;6;0;0"	"9;6;0;0"
"IGHV4-28"	"03,01,02,05"	"4,3,0,0"	"7"	""	"-1.70054733917935"	"2.26183807589236"	"1.40221009487089"	"0.186980601485809"	"0.859627981021471"	"03,01"	"6;4"	"6;4"
"IGHV4-30-2"	"01,06"	"69,0"	"69"	""	"4.67656326455109"	"-10.4338529107083"	"-22.3395254127895"	"-35.9884505164648"	"15.1104161752594"	"01"	"87"	"87"
"IGHV4-31"	"11,03,01"	"7,3,1"	"11"	""	"-1.69729055056954"	"1.60812024818654"	"1.64582768026279"	"-0.162833339369035"	"0.0377074320762529"	"11,03,01"	"0;0;0"	"0;0;0"
"IGHV4-34"	"01"	"1252"	"1252"	""	"-6.62048849289795"	"-280.797895035286"	"-1000"	"-1000"	"274.177406542388"	"01"	"1775"	"1775"
"IGHV4-38-2"	"01,02"	"9,9"	"17"	""	"-9.67888989747622"	"2.86524096405452"	"0.803994955863202"	"-2.24826199804528"	"2.06124600819132"	"01,02"	"0;0"	"0;0"
"IGHV4-39"	"07,01,08,09"	"702,686,5,2"	"1397"	""	"-1000"	"-8.9091103403208"	"-161.70773054415"	"-1000"	"152.798620203829"	"07,01"	"1585;1208"	"1585;1208"
"IGHV4-59"	"01,12,i03,11"	"605,23,4,2"	"634"	""	"-0.889859307037376"	"-96.2857115594682"	"-196.315206220565"	"-316.411187819977"	"95.3958522524308"	"01"	"960"	"960"
"IGHV4-61"	"02,01,11,10"	"495,40,16,3"	"554"	""	"-18.5966766399757"	"-62.4861340632647"	"-127.51607398789"	"-226.840521886551"	"43.889457423289"	"02"	"853"	"853"
"IGHV4-NL1"	"01"	"324"	"324"	""	"3.42097188647843"	"-67.5322866756093"	"-123.437183641903"	"-187.527788476553"	"70.9532585620877"	"01"	"525"	"525"
"IGHV5-10-1"	"01,03"	"6,6"	"11"	""	"-5.77663721062864"	"2.58611669705851"	"1.21195269159764"	"-0.822885277674685"	"1.37416400546088"	"01,03"	"0;0"	"0;0"
"IGHV5-51"	"01,03,07,06"	"312,287,1,0"	"600"	""	"-1000"	"-0.607436184894964"	"-69.2369572220786"	"-171.515302804328"	"68.6295210371836"	"01,03"	"381;388"	"381;388"
"IGHV6-1"	"01,03"	"134,0"	"134"	""	"4.69718986485915"	"-24.6476763305722"	"-47.7688374215704"	"-74.2754455939253"	"29.3448661954313"	"01"	"230"	"230"
"IGHD1-1"	"01"	"90"	"90"	""	"4.7472352717682"	"-21.9603725198554"	"-48.294087051296"	"-48.294087051296"	"26.7076077916236"	"01"	"181"	"181"
"IGHD1-7"	"01"	"259"	"259"	""	"3.95751607794914"	"-72.9010441223898"	"-148.683622607313"	"-148.683622607313"	"76.8585602003389"	"01"	"353"	"353"
"IGHD1-14"	"01"	"101"	"101"	""	"4.75456221863595"	"-25.2173087475194"	"-54.7695883883583"	"-54.7695883883583"	"29.9718709661553"	"01"	"194"	"194"
"IGHD1-20"	"01"	"48"	"48"	""	"4.48656191568787"	"-9.75749557317803"	"-23.8021433232797"	"-23.8021433232797"	"14.2440574888659"	"01"	"70"	"70"
"IGHD1-26"	"01"	"1151"	"1151"	""	"4.74249178151696"	"-29.4135710719927"	"-63.0914659894241"	"-63.0914659894241"	"34.1560628535097"	"01"	"1781"	"1781"
"IGHD2-2"	"02,01"	"123,112"	"235"	""	"-151.000449002938"	"3.74701340481237"	"-65.0132412050604"	"-65.0132412050604"	"68.7602546098728"	"02,01"	"212;178"	"212;178"
"IGHD2-8"	"02,01"	"167,123"	"290"	""	"-158.303003391819"	"2.17067825488101"	"-82.6824019019833"	"-82.6824019019833"	"84.8530801568643"	"02,01"	"242;209"	"242;209"
"IGHD2-15"	"01"	"968"	"968"	""	"-3.34486787839632"	"-290.600027237192"	"-1000"	"-1000"	"287.255159358796"	"01"	"1530"	"1530"
"IGHD2-21"	"02,01"	"238,227"	"465"	""	"-314.393527962705"	"2.59811696282815"	"-133.459408116282"	"-133.459408116282"	"136.05752507911"	"02,01"	"396;334"	"396;334"
"IGHD3-3"	"01"	"1413"	"1413"	""	"4.67251669414497"	"-37.258427538704"	"-78.6023593530658"	"-78.6023593530658"	"41.930944232849"	"01"	"2170"	"2157"
"IGHD3-9"	"01"	"611"	"611"	""	"0.595369337444843"	"-180.719612447911"	"-1000"	"-1000"	"181.314981785356"	"01"	"934"	"931"
"IGHD3-10"	"01,03"	"1088,999"	"2087"	""	"-134.429136990181"	"3.87059329390718"	"-57.1943647362224"	"-57.1943647362224"	"61.0649580301296"	"01,03"	"1745;1513"	"1745;1513"
"IGHD3-16"	"03,02"	"235,205"	"440"	""	"-277.953216116114"	"2.3621385280573"	"-126.380465847875"	"-126.380465847875"	"128.742604375932"	"03,02"	"337;356"	"337;356"
"IGHD3-22"	"01"	"1832"	"1832"	""	"4.47407820229571"	"-49.8907412135425"	"-103.494480126431"	"-103.494480126431"	"54.3648194158382"	"01"	"2935"	"2935"
"IGHD4-17"	"01"	"945"	"945"	""	"-3.08375796000676"	"-283.513639772054"	"-1000"	"-1000"	"280.429881812047"	"01"	"1498"	"1498"
"IGHD4-23"	"01"	"399"	"399"	""	"2.7373561760936"	"-115.666371700104"	"-232.412506122824"	"-232.412506122824"	"118.403727876198"	"01"	"584"	"584"
"IGHD5-12"	"01"	"165"	"165"	""	"4.57065953075075"	"-44.3932880872258"	"-92.6717647282003"	"-92.6717647282003"	"48.9639476179765"	"01"	"282"	"282"
"IGHD5-18"	"02"	"66"	"66"	""	"4.65844308207924"	"-14.9271359651114"	"-34.2385266215012"	"-34.2385266215012"	"19.5855790471906"	"02"	"97"	"97"
"IGHD5-24"	"01"	"494"	"494"	""	"1.80673229918498"	"-144.78835935706"	"-289.331192451856"	"-289.331192451856"	"146.595091656245"	"01"	"834"	"834"
"IGHD6-6"	"01"	"891"	"891"	""	"-2.47380744281836"	"-266.879124579892"	"-1000"	"-1000"	"264.405317137073"	"01"	"1321"	"1321"
"IGHD6-13"	"01"	"1479"	"1479"	""	"4.6472858705393"	"-39.2422162670288"	"-82.5172871470295"	"-82.5172871470295"	"43.8895021375681"	"01"	"2307"	"2307"
"IGHD6-19"	"01"	"1409"	"1409"	""	"4.67395947696116"	"-37.1382842768139"	"-78.3651773599249"	"-78.3651773599249"	"41.8122437537751"	"01"	"2622"	"2622"
"IGHD6-25"	"01"	"80"	"80"	""	"4.7244197223474"	"-19.0156760924291"	"-42.4234223425986"	"-42.4234223425986"	"23.7400958147765"	"01"	"188"	"188"
"IGHD7-27"	"01"	"164"	"164"	""	"4.57554615875497"	"-44.0916502615369"	"-92.0775300743843"	"-92.0775300743843"	"48.6671964202918"	"01"	"302"	"302"
"IGHJ1"	"01"	"300"	"300"	""	"3.62642641221205"	"-85.3989328931998"	"-173.177981331335"	"-173.177981331335"	"89.0253593054119"	"01"	"475"	"475"
"IGHJ2"	"01"	"570"	"570"	""	"1.02636641480767"	"-168.121816265475"	"-1000"	"-1000"	"169.148182680283"	"01"	"782"	"782"
"IGHJ3"	"02"	"3156"	"3156"	""	"3.49374085885349"	"-90.1609371304398"	"-182.504496087358"	"-182.504496087358"	"93.6546779892933"	"02"	"4793"	"4793"
"IGHJ4"	"02"	"10145"	"10145"	""	"-3.87496728750978"	"-304.929057338644"	"-1000"	"-1000"	"301.054090051134"	"02"	"17778"	"17778"
"IGHJ5"	"02"	"2460"	"2460"	""	"4.05620446421178"	"-68.944590166226"	"-140.923409885497"	"-140.923409885497"	"73.0007946304377"	"02"	"3827"	"3827"
"IGHJ6"	"02,03"	"2364,1886"	"4250"	""	"-250.168194668494"	"1.72755741091226"	"-122.626094543113"	"-122.626094543113"	"124.353651954025"	"02,03"	"3683;3235"	"3683;3235"
